case_name,worker_count,well_count,timestamp,pid,worker_slot,axis_id,step_name,phase,status,percent,completed,total
ExampleIlluminationCorrection_Example1_EachMethod,4,16,1791503462.492544,4005901,,,pipeline,compile,started,0.0,0,3
ExampleIlluminationCorrection_Example1_EachMethod,4,16,1791503462.5143368,4005901,,,,init,started,0.0,0,1
ExampleIlluminationCorrection_Example1_EachMethod,4,16,1791503462.5531702,4005901,,W001,compilation,compile,running,6.25,1,16
ExampleIlluminationCorrection_Example1_EachMethod,4,16,1791503462.5573673,4005901,,W002,compilation,compile,running,12.5,2,16
ExampleIlluminationCorrection_Example1_EachMethod,4,16,1791503462.5612087,4005901,,W003,compilation,compile,running,18.75,3,16
ExampleIlluminationCorrection_Example1_EachMethod,4,16,1791503462.5652943,4005901,,W004,compilation,compile,running,25.0,4,16
ExampleIlluminationCorrection_Example1_EachMethod,4,16,1791503462.5690663,4005901,,W005,compilation,compile,running,31.25,5,16
ExampleIlluminationCorrection_Example1_EachMethod,4,16,1791503462.5729544,4005901,,W006,compilation,compile,running,37.5,6,16
ExampleIlluminationCorrection_Example1_EachMethod,4,16,1791503462.576858,4005901,,W007,compilation,compile,running,43.75,7,16
ExampleIlluminationCorrection_Example1_EachMethod,4,16,1791503462.58075,4005901,,W008,compilation,compile,running,50.0,8,16
ExampleIlluminationCorrection_Example1_EachMethod,4,16,1791503462.584655,4005901,,W009,compilation,compile,running,56.25,9,16
ExampleIlluminationCorrection_Example1_EachMethod,4,16,1791503462.588635,4005901,,W010,compilation,compile,running,62.5,10,16
ExampleIlluminationCorrection_Example1_EachMethod,4,16,1791503462.592421,4005901,,W011,compilation,compile,running,68.75,11,16
ExampleIlluminationCorrection_Example1_EachMethod,4,16,1791503462.596344,4005901,,W012,compilation,compile,running,75.0,12,16
ExampleIlluminationCorrection_Example1_EachMethod,4,16,1791503462.6002324,4005901,,W013,compilation,compile,running,81.25,13,16
ExampleIlluminationCorrection_Example1_EachMethod,4,16,1791503462.6041222,4005901,,W014,compilation,compile,running,87.5,14,16
ExampleIlluminationCorrection_Example1_EachMethod,4,16,1791503462.6079116,4005901,,W015,compilation,compile,running,93.75,15,16
ExampleIlluminationCorrection_Example1_EachMethod,4,16,1791503462.6119776,4005901,,W016,compilation,compile,running,100.0,16,16
ExampleIlluminationCorrection_Example1_EachMethod,4,16,1791503462.613336,4005901,,,,init,started,0.0,0,1
ExampleIlluminationCorrection_Example1_EachMethod,4,16,1791503462.6134086,4005901,,,pipeline,compile,success,100.0,1,3
ExampleIlluminationCorrection_Example1_EachMethod,4,16,1791503462.6134622,4005901,,W001,compilation,compile,success,100.0,1,1
ExampleIlluminationCorrection_Example1_EachMethod,4,16,1791503462.6134915,4005901,,W002,compilation,compile,success,100.0,1,1
ExampleIlluminationCorrection_Example1_EachMethod,4,16,1791503462.6135173,4005901,,W003,compilation,compile,success,100.0,1,1
ExampleIlluminationCorrection_Example1_EachMethod,4,16,1791503462.6135414,4005901,,W004,compilation,compile,success,100.0,1,1
ExampleIlluminationCorrection_Example1_EachMethod,4,16,1791503462.6135654,4005901,,W005,compilation,compile,success,100.0,1,1
ExampleIlluminationCorrection_Example1_EachMethod,4,16,1791503462.613589,4005901,,W006,compilation,compile,success,100.0,1,1
ExampleIlluminationCorrection_Example1_EachMethod,4,16,1791503462.613613,4005901,,W007,compilation,compile,success,100.0,1,1
ExampleIlluminationCorrection_Example1_EachMethod,4,16,1791503462.613636,4005901,,W008,compilation,compile,success,100.0,1,1
ExampleIlluminationCorrection_Example1_EachMethod,4,16,1791503462.6136599,4005901,,W009,compilation,compile,success,100.0,1,1
ExampleIlluminationCorrection_Example1_EachMethod,4,16,1791503462.6136832,4005901,,W010,compilation,compile,success,100.0,1,1
ExampleIlluminationCorrection_Example1_EachMethod,4,16,1791503462.6137068,4005901,,W011,compilation,compile,success,100.0,1,1
ExampleIlluminationCorrection_Example1_EachMethod,4,16,1791503462.6137297,4005901,,W012,compilation,compile,success,100.0,1,1
ExampleIlluminationCorrection_Example1_EachMethod,4,16,1791503462.613753,4005901,,W013,compilation,compile,success,100.0,1,1
ExampleIlluminationCorrection_Example1_EachMethod,4,16,1791503462.6137764,4005901,,W014,compilation,compile,success,100.0,1,1
ExampleIlluminationCorrection_Example1_EachMethod,4,16,1791503462.6137996,4005901,,W015,compilation,compile,success,100.0,1,1
ExampleIlluminationCorrection_Example1_EachMethod,4,16,1791503462.613823,4005901,,W016,compilation,compile,success,100.0,1,1
ExampleIlluminationCorrection_Example1_EachMethod,4,16,1791503462.6294038,4005901,,,,init,started,0.0,0,1
ExampleIlluminationCorrection_Example1_EachMethod,4,16,1791503462.6355462,4006781,worker_0,W001,pipeline,axis_started,started,0.0,0,3
ExampleIlluminationCorrection_Example1_EachMethod,4,16,1791503462.6357477,4006781,worker_0,W001,CorrectIlluminationCalculate,step_started,started,0.0,0,3
ExampleIlluminationCorrection_Example1_EachMethod,4,16,1791503462.636857,4006782,worker_1,W002,pipeline,axis_started,started,0.0,0,3
ExampleIlluminationCorrection_Example1_EachMethod,4,16,1791503462.6370542,4006782,worker_1,W002,CorrectIlluminationCalculate,step_started,started,0.0,0,3
ExampleIlluminationCorrection_Example1_EachMethod,4,16,1791503462.6387427,4006783,worker_2,W003,pipeline,axis_started,started,0.0,0,3
ExampleIlluminationCorrection_Example1_EachMethod,4,16,1791503462.6389847,4006783,worker_2,W003,CorrectIlluminationCalculate,step_started,started,0.0,0,3
ExampleIlluminationCorrection_Example1_EachMethod,4,16,1791503462.6401503,4006784,worker_3,W004,pipeline,axis_started,started,0.0,0,3
ExampleIlluminationCorrection_Example1_EachMethod,4,16,1791503462.6404655,4006784,worker_3,W004,CorrectIlluminationCalculate,step_started,started,0.0,0,3
ExampleIlluminationCorrection_Example1_EachMethod,4,16,1791503462.6868317,4006781,worker_0,W001,CorrectIlluminationCalculate,pattern_group,running,100.0,1,1
ExampleIlluminationCorrection_Example1_EachMethod,4,16,1791503462.6872897,4006781,worker_0,W001,CorrectIlluminationCalculate,step_completed,success,33.33333333333333,1,3
ExampleIlluminationCorrection_Example1_EachMethod,4,16,1791503462.6874065,4006781,worker_0,W001,CorrectIlluminationApply,step_started,started,33.33333333333333,1,3
ExampleIlluminationCorrection_Example1_EachMethod,4,16,1791503462.689515,4006782,worker_1,W002,CorrectIlluminationCalculate,pattern_group,running,100.0,1,1
ExampleIlluminationCorrection_Example1_EachMethod,4,16,1791503462.6899,4006782,worker_1,W002,CorrectIlluminationCalculate,step_completed,success,33.33333333333333,1,3
ExampleIlluminationCorrection_Example1_EachMethod,4,16,1791503462.6900454,4006782,worker_1,W002,CorrectIlluminationApply,step_started,started,33.33333333333333,1,3
ExampleIlluminationCorrection_Example1_EachMethod,4,16,1791503462.6918561,4006783,worker_2,W003,CorrectIlluminationCalculate,pattern_group,running,100.0,1,1
ExampleIlluminationCorrection_Example1_EachMethod,4,16,1791503462.6921966,4006783,worker_2,W003,CorrectIlluminationCalculate,step_completed,success,33.33333333333333,1,3
ExampleIlluminationCorrection_Example1_EachMethod,4,16,1791503462.6923091,4006783,worker_2,W003,CorrectIlluminationApply,step_started,started,33.33333333333333,1,3
ExampleIlluminationCorrection_Example1_EachMethod,4,16,1791503462.6928122,4006784,worker_3,W004,CorrectIlluminationCalculate,pattern_group,running,100.0,1,1
ExampleIlluminationCorrection_Example1_EachMethod,4,16,1791503462.6932132,4006784,worker_3,W004,CorrectIlluminationCalculate,step_completed,success,33.33333333333333,1,3
ExampleIlluminationCorrection_Example1_EachMethod,4,16,1791503462.6934812,4006784,worker_3,W004,CorrectIlluminationApply,step_started,started,33.33333333333333,1,3
ExampleIlluminationCorrection_Example1_EachMethod,4,16,1791503462.701014,4006781,worker_0,W001,CorrectIlluminationApply,pattern_group,running,100.0,1,1
ExampleIlluminationCorrection_Example1_EachMethod,4,16,1791503462.701611,4006781,worker_0,W001,CorrectIlluminationApply,step_completed,success,66.66666666666666,2,3
ExampleIlluminationCorrection_Example1_EachMethod,4,16,1791503462.7017462,4006781,worker_0,W001,SaveImages,step_started,started,66.66666666666666,2,3
ExampleIlluminationCorrection_Example1_EachMethod,4,16,1791503462.7043998,4006782,worker_1,W002,CorrectIlluminationApply,pattern_group,running,100.0,1,1
ExampleIlluminationCorrection_Example1_EachMethod,4,16,1791503462.7042994,4006783,worker_2,W003,CorrectIlluminationApply,pattern_group,running,100.0,1,1
ExampleIlluminationCorrection_Example1_EachMethod,4,16,1791503462.7046769,4006782,worker_1,W002,CorrectIlluminationApply,step_completed,success,66.66666666666666,2,3
ExampleIlluminationCorrection_Example1_EachMethod,4,16,1791503462.7045846,4006783,worker_2,W003,CorrectIlluminationApply,step_completed,success,66.66666666666666,2,3
ExampleIlluminationCorrection_Example1_EachMethod,4,16,1791503462.7047849,4006782,worker_1,W002,SaveImages,step_started,started,66.66666666666666,2,3
ExampleIlluminationCorrection_Example1_EachMethod,4,16,1791503462.7046943,4006783,worker_2,W003,SaveImages,step_started,started,66.66666666666666,2,3
ExampleIlluminationCorrection_Example1_EachMethod,4,16,1791503462.7054825,4006784,worker_3,W004,CorrectIlluminationApply,pattern_group,running,100.0,1,1
ExampleIlluminationCorrection_Example1_EachMethod,4,16,1791503462.7057624,4006784,worker_3,W004,CorrectIlluminationApply,step_completed,success,66.66666666666666,2,3
ExampleIlluminationCorrection_Example1_EachMethod,4,16,1791503462.705898,4006784,worker_3,W004,SaveImages,step_started,started,66.66666666666666,2,3
ExampleIlluminationCorrection_Example1_EachMethod,4,16,1791503462.7081835,4006781,worker_0,W001,SaveImages,pattern_group,running,100.0,1,1
ExampleIlluminationCorrection_Example1_EachMethod,4,16,1791503462.709123,4006783,worker_2,W003,SaveImages,pattern_group,running,100.0,1,1
ExampleIlluminationCorrection_Example1_EachMethod,4,16,1791503462.70959,4006782,worker_1,W002,SaveImages,pattern_group,running,100.0,1,1
ExampleIlluminationCorrection_Example1_EachMethod,4,16,1791503462.7099633,4006784,worker_3,W004,SaveImages,pattern_group,running,100.0,1,1
ExampleIlluminationCorrection_Example1_EachMethod,4,16,1791503462.7110045,4006781,worker_0,W001,SaveImages,step_completed,success,100.0,3,3
ExampleIlluminationCorrection_Example1_EachMethod,4,16,1791503462.7112994,4006781,worker_0,W001,pipeline,axis_completed,success,100.0,3,3
ExampleIlluminationCorrection_Example1_EachMethod,4,16,1791503462.7113953,4006781,worker_0,W005,pipeline,axis_started,started,0.0,0,3
ExampleIlluminationCorrection_Example1_EachMethod,4,16,1791503462.7116404,4006781,worker_0,W005,CorrectIlluminationCalculate,step_started,started,0.0,0,3
ExampleIlluminationCorrection_Example1_EachMethod,4,16,1791503462.7117138,4006783,worker_2,W003,SaveImages,step_completed,success,100.0,3,3
ExampleIlluminationCorrection_Example1_EachMethod,4,16,1791503462.7120073,4006783,worker_2,W003,pipeline,axis_completed,success,100.0,3,3
ExampleIlluminationCorrection_Example1_EachMethod,4,16,1791503462.7120986,4006783,worker_2,W007,pipeline,axis_started,started,0.0,0,3
ExampleIlluminationCorrection_Example1_EachMethod,4,16,1791503462.7122762,4006782,worker_1,W002,SaveImages,step_completed,success,100.0,3,3
ExampleIlluminationCorrection_Example1_EachMethod,4,16,1791503462.712415,4006783,worker_2,W007,CorrectIlluminationCalculate,step_started,started,0.0,0,3
ExampleIlluminationCorrection_Example1_EachMethod,4,16,1791503462.712484,4006782,worker_1,W002,pipeline,axis_completed,success,100.0,3,3
ExampleIlluminationCorrection_Example1_EachMethod,4,16,1791503462.7125242,4006782,worker_1,W006,pipeline,axis_started,started,0.0,0,3
ExampleIlluminationCorrection_Example1_EachMethod,4,16,1791503462.7131937,4006782,worker_1,W006,CorrectIlluminationCalculate,step_started,started,0.0,0,3
ExampleIlluminationCorrection_Example1_EachMethod,4,16,1791503462.7138503,4006784,worker_3,W004,SaveImages,step_completed,success,100.0,3,3
ExampleIlluminationCorrection_Example1_EachMethod,4,16,1791503462.7140572,4006784,worker_3,W004,pipeline,axis_completed,success,100.0,3,3
ExampleIlluminationCorrection_Example1_EachMethod,4,16,1791503462.7140982,4006784,worker_3,W008,pipeline,axis_started,started,0.0,0,3
ExampleIlluminationCorrection_Example1_EachMethod,4,16,1791503462.714496,4006784,worker_3,W008,CorrectIlluminationCalculate,step_started,started,0.0,0,3
ExampleIlluminationCorrection_Example1_EachMethod,4,16,1791503462.7614114,4006783,worker_2,W007,CorrectIlluminationCalculate,pattern_group,running,100.0,1,1
ExampleIlluminationCorrection_Example1_EachMethod,4,16,1791503462.7618592,4006783,worker_2,W007,CorrectIlluminationCalculate,step_completed,success,33.33333333333333,1,3
ExampleIlluminationCorrection_Example1_EachMethod,4,16,1791503462.761983,4006783,worker_2,W007,CorrectIlluminationApply,step_started,started,33.33333333333333,1,3
ExampleIlluminationCorrection_Example1_EachMethod,4,16,1791503462.7626612,4006782,worker_1,W006,CorrectIlluminationCalculate,pattern_group,running,100.0,1,1
ExampleIlluminationCorrection_Example1_EachMethod,4,16,1791503462.7630277,4006782,worker_1,W006,CorrectIlluminationCalculate,step_completed,success,33.33333333333333,1,3
ExampleIlluminationCorrection_Example1_EachMethod,4,16,1791503462.7631335,4006782,worker_1,W006,CorrectIlluminationApply,step_started,started,33.33333333333333,1,3
ExampleIlluminationCorrection_Example1_EachMethod,4,16,1791503462.7647505,4006781,worker_0,W005,CorrectIlluminationCalculate,pattern_group,running,100.0,1,1
ExampleIlluminationCorrection_Example1_EachMethod,4,16,1791503462.7650623,4006781,worker_0,W005,CorrectIlluminationCalculate,step_completed,success,33.33333333333333,1,3
ExampleIlluminationCorrection_Example1_EachMethod,4,16,1791503462.7650573,4006784,worker_3,W008,CorrectIlluminationCalculate,pattern_group,running,100.0,1,1
ExampleIlluminationCorrection_Example1_EachMethod,4,16,1791503462.765226,4006781,worker_0,W005,CorrectIlluminationApply,step_started,started,33.33333333333333,1,3
ExampleIlluminationCorrection_Example1_EachMethod,4,16,1791503462.765727,4006784,worker_3,W008,CorrectIlluminationCalculate,step_completed,success,33.33333333333333,1,3
ExampleIlluminationCorrection_Example1_EachMethod,4,16,1791503462.7659698,4006784,worker_3,W008,CorrectIlluminationApply,step_started,started,33.33333333333333,1,3
ExampleIlluminationCorrection_Example1_EachMethod,4,16,1791503462.7741265,4006783,worker_2,W007,CorrectIlluminationApply,pattern_group,running,100.0,1,1
ExampleIlluminationCorrection_Example1_EachMethod,4,16,1791503462.774571,4006783,worker_2,W007,CorrectIlluminationApply,step_completed,success,66.66666666666666,2,3
ExampleIlluminationCorrection_Example1_EachMethod,4,16,1791503462.774771,4006783,worker_2,W007,SaveImages,step_started,started,66.66666666666666,2,3
ExampleIlluminationCorrection_Example1_EachMethod,4,16,1791503462.7754433,4006782,worker_1,W006,CorrectIlluminationApply,pattern_group,running,100.0,1,1
ExampleIlluminationCorrection_Example1_EachMethod,4,16,1791503462.7758088,4006782,worker_1,W006,CorrectIlluminationApply,step_completed,success,66.66666666666666,2,3
ExampleIlluminationCorrection_Example1_EachMethod,4,16,1791503462.7759757,4006782,worker_1,W006,SaveImages,step_started,started,66.66666666666666,2,3
ExampleIlluminationCorrection_Example1_EachMethod,4,16,1791503462.7785,4006784,worker_3,W008,CorrectIlluminationApply,pattern_group,running,100.0,1,1
ExampleIlluminationCorrection_Example1_EachMethod,4,16,1791503462.778834,4006784,worker_3,W008,CorrectIlluminationApply,step_completed,success,66.66666666666666,2,3
ExampleIlluminationCorrection_Example1_EachMethod,4,16,1791503462.7789967,4006784,worker_3,W008,SaveImages,step_started,started,66.66666666666666,2,3
ExampleIlluminationCorrection_Example1_EachMethod,4,16,1791503462.779603,4006781,worker_0,W005,CorrectIlluminationApply,pattern_group,running,100.0,1,1
ExampleIlluminationCorrection_Example1_EachMethod,4,16,1791503462.7796583,4006783,worker_2,W007,SaveImages,pattern_group,running,100.0,1,1
ExampleIlluminationCorrection_Example1_EachMethod,4,16,1791503462.779964,4006781,worker_0,W005,CorrectIlluminationApply,step_completed,success,66.66666666666666,2,3
ExampleIlluminationCorrection_Example1_EachMethod,4,16,1791503462.780126,4006781,worker_0,W005,SaveImages,step_started,started,66.66666666666666,2,3
ExampleIlluminationCorrection_Example1_EachMethod,4,16,1791503462.7806947,4006782,worker_1,W006,SaveImages,pattern_group,running,100.0,1,1
ExampleIlluminationCorrection_Example1_EachMethod,4,16,1791503462.7829864,4006784,worker_3,W008,SaveImages,pattern_group,running,100.0,1,1
ExampleIlluminationCorrection_Example1_EachMethod,4,16,1791503462.7835422,4006783,worker_2,W007,SaveImages,step_completed,success,100.0,3,3
ExampleIlluminationCorrection_Example1_EachMethod,4,16,1791503462.7838295,4006783,worker_2,W007,pipeline,axis_completed,success,100.0,3,3
ExampleIlluminationCorrection_Example1_EachMethod,4,16,1791503462.7838714,4006782,worker_1,W006,SaveImages,step_completed,success,100.0,3,3
ExampleIlluminationCorrection_Example1_EachMethod,4,16,1791503462.7839234,4006783,worker_2,W011,pipeline,axis_started,started,0.0,0,3
ExampleIlluminationCorrection_Example1_EachMethod,4,16,1791503462.7843518,4006782,worker_1,W006,pipeline,axis_completed,success,100.0,3,3
ExampleIlluminationCorrection_Example1_EachMethod,4,16,1791503462.784415,4006782,worker_1,W010,pipeline,axis_started,started,0.0,0,3
ExampleIlluminationCorrection_Example1_EachMethod,4,16,1791503462.7847607,4006783,worker_2,W011,CorrectIlluminationCalculate,step_started,started,0.0,0,3
ExampleIlluminationCorrection_Example1_EachMethod,4,16,1791503462.7848458,4006782,worker_1,W010,CorrectIlluminationCalculate,step_started,started,0.0,0,3
ExampleIlluminationCorrection_Example1_EachMethod,4,16,1791503462.786093,4006781,worker_0,W005,SaveImages,pattern_group,running,100.0,1,1
ExampleIlluminationCorrection_Example1_EachMethod,4,16,1791503462.786148,4006784,worker_3,W008,SaveImages,step_completed,success,100.0,3,3
ExampleIlluminationCorrection_Example1_EachMethod,4,16,1791503462.7864778,4006784,worker_3,W008,pipeline,axis_completed,success,100.0,3,3
ExampleIlluminationCorrection_Example1_EachMethod,4,16,1791503462.7865992,4006784,worker_3,W012,pipeline,axis_started,started,0.0,0,3
ExampleIlluminationCorrection_Example1_EachMethod,4,16,1791503462.7868533,4006784,worker_3,W012,CorrectIlluminationCalculate,step_started,started,0.0,0,3
ExampleIlluminationCorrection_Example1_EachMethod,4,16,1791503462.789022,4006781,worker_0,W005,SaveImages,step_completed,success,100.0,3,3
ExampleIlluminationCorrection_Example1_EachMethod,4,16,1791503462.7892902,4006781,worker_0,W005,pipeline,axis_completed,success,100.0,3,3
ExampleIlluminationCorrection_Example1_EachMethod,4,16,1791503462.7893822,4006781,worker_0,W009,pipeline,axis_started,started,0.0,0,3
ExampleIlluminationCorrection_Example1_EachMethod,4,16,1791503462.7896168,4006781,worker_0,W009,CorrectIlluminationCalculate,step_started,started,0.0,0,3
ExampleIlluminationCorrection_Example1_EachMethod,4,16,1791503462.8356953,4006782,worker_1,W010,CorrectIlluminationCalculate,pattern_group,running,100.0,1,1
ExampleIlluminationCorrection_Example1_EachMethod,4,16,1791503462.835695,4006783,worker_2,W011,CorrectIlluminationCalculate,pattern_group,running,100.0,1,1
ExampleIlluminationCorrection_Example1_EachMethod,4,16,1791503462.8360136,4006782,worker_1,W010,CorrectIlluminationCalculate,step_completed,success,33.33333333333333,1,3
ExampleIlluminationCorrection_Example1_EachMethod,4,16,1791503462.8360927,4006782,worker_1,W010,CorrectIlluminationApply,step_started,started,33.33333333333333,1,3
ExampleIlluminationCorrection_Example1_EachMethod,4,16,1791503462.836103,4006784,worker_3,W012,CorrectIlluminationCalculate,pattern_group,running,100.0,1,1
ExampleIlluminationCorrection_Example1_EachMethod,4,16,1791503462.8364713,4006784,worker_3,W012,CorrectIlluminationCalculate,step_completed,success,33.33333333333333,1,3
ExampleIlluminationCorrection_Example1_EachMethod,4,16,1791503462.8365276,4006784,worker_3,W012,CorrectIlluminationApply,step_started,started,33.33333333333333,1,3
ExampleIlluminationCorrection_Example1_EachMethod,4,16,1791503462.8366704,4006783,worker_2,W011,CorrectIlluminationCalculate,step_completed,success,33.33333333333333,1,3
ExampleIlluminationCorrection_Example1_EachMethod,4,16,1791503462.8369727,4006783,worker_2,W011,CorrectIlluminationApply,step_started,started,33.33333333333333,1,3
ExampleIlluminationCorrection_Example1_EachMethod,4,16,1791503462.8415308,4006781,worker_0,W009,CorrectIlluminationCalculate,pattern_group,running,100.0,1,1
ExampleIlluminationCorrection_Example1_EachMethod,4,16,1791503462.841895,4006781,worker_0,W009,CorrectIlluminationCalculate,step_completed,success,33.33333333333333,1,3
ExampleIlluminationCorrection_Example1_EachMethod,4,16,1791503462.842006,4006781,worker_0,W009,CorrectIlluminationApply,step_started,started,33.33333333333333,1,3
ExampleIlluminationCorrection_Example1_EachMethod,4,16,1791503462.848807,4006783,worker_2,W011,CorrectIlluminationApply,pattern_group,running,100.0,1,1
ExampleIlluminationCorrection_Example1_EachMethod,4,16,1791503462.8489454,4006782,worker_1,W010,CorrectIlluminationApply,pattern_group,running,100.0,1,1
ExampleIlluminationCorrection_Example1_EachMethod,4,16,1791503462.8492236,4006783,worker_2,W011,CorrectIlluminationApply,step_completed,success,66.66666666666666,2,3
ExampleIlluminationCorrection_Example1_EachMethod,4,16,1791503462.8493862,4006783,worker_2,W011,SaveImages,step_started,started,66.66666666666666,2,3
ExampleIlluminationCorrection_Example1_EachMethod,4,16,1791503462.8496592,4006782,worker_1,W010,CorrectIlluminationApply,step_completed,success,66.66666666666666,2,3
ExampleIlluminationCorrection_Example1_EachMethod,4,16,1791503462.8499112,4006782,worker_1,W010,SaveImages,step_started,started,66.66666666666666,2,3
ExampleIlluminationCorrection_Example1_EachMethod,4,16,1791503462.8503826,4006784,worker_3,W012,CorrectIlluminationApply,pattern_group,running,100.0,1,1
ExampleIlluminationCorrection_Example1_EachMethod,4,16,1791503462.8508096,4006784,worker_3,W012,CorrectIlluminationApply,step_completed,success,66.66666666666666,2,3
ExampleIlluminationCorrection_Example1_EachMethod,4,16,1791503462.8511186,4006784,worker_3,W012,SaveImages,step_started,started,66.66666666666666,2,3
ExampleIlluminationCorrection_Example1_EachMethod,4,16,1791503462.8540494,4006783,worker_2,W011,SaveImages,pattern_group,running,100.0,1,1
ExampleIlluminationCorrection_Example1_EachMethod,4,16,1791503462.8556867,4006781,worker_0,W009,CorrectIlluminationApply,pattern_group,running,100.0,1,1
ExampleIlluminationCorrection_Example1_EachMethod,4,16,1791503462.854129,4006782,worker_1,W010,SaveImages,pattern_group,running,100.0,1,1
ExampleIlluminationCorrection_Example1_EachMethod,4,16,1791503462.8554657,4006784,worker_3,W012,SaveImages,pattern_group,running,100.0,1,1
ExampleIlluminationCorrection_Example1_EachMethod,4,16,1791503462.85595,4006781,worker_0,W009,CorrectIlluminationApply,step_completed,success,66.66666666666666,2,3
ExampleIlluminationCorrection_Example1_EachMethod,4,16,1791503462.8560586,4006781,worker_0,W009,SaveImages,step_started,started,66.66666666666666,2,3
ExampleIlluminationCorrection_Example1_EachMethod,4,16,1791503462.8567262,4006782,worker_1,W010,SaveImages,step_completed,success,100.0,3,3
ExampleIlluminationCorrection_Example1_EachMethod,4,16,1791503462.85689,4006783,worker_2,W011,SaveImages,step_completed,success,100.0,3,3
ExampleIlluminationCorrection_Example1_EachMethod,4,16,1791503462.8569899,4006782,worker_1,W010,pipeline,axis_completed,success,100.0,3,3
ExampleIlluminationCorrection_Example1_EachMethod,4,16,1791503462.8570783,4006782,worker_1,W014,pipeline,axis_started,started,0.0,0,3
ExampleIlluminationCorrection_Example1_EachMethod,4,16,1791503462.8571532,4006783,worker_2,W011,pipeline,axis_completed,success,100.0,3,3
ExampleIlluminationCorrection_Example1_EachMethod,4,16,1791503462.857236,4006783,worker_2,W015,pipeline,axis_started,started,0.0,0,3
ExampleIlluminationCorrection_Example1_EachMethod,4,16,1791503462.8572996,4006782,worker_1,W014,CorrectIlluminationCalculate,step_started,started,0.0,0,3
ExampleIlluminationCorrection_Example1_EachMethod,4,16,1791503462.8574648,4006783,worker_2,W015,CorrectIlluminationCalculate,step_started,started,0.0,0,3
ExampleIlluminationCorrection_Example1_EachMethod,4,16,1791503462.858172,4006784,worker_3,W012,SaveImages,step_completed,success,100.0,3,3
ExampleIlluminationCorrection_Example1_EachMethod,4,16,1791503462.859602,4006784,worker_3,W012,pipeline,axis_completed,success,100.0,3,3
ExampleIlluminationCorrection_Example1_EachMethod,4,16,1791503462.8598254,4006784,worker_3,W016,pipeline,axis_started,started,0.0,0,3
ExampleIlluminationCorrection_Example1_EachMethod,4,16,1791503462.8601556,4006784,worker_3,W016,CorrectIlluminationCalculate,step_started,started,0.0,0,3
ExampleIlluminationCorrection_Example1_EachMethod,4,16,1791503462.8602607,4006781,worker_0,W009,SaveImages,pattern_group,running,100.0,1,1
ExampleIlluminationCorrection_Example1_EachMethod,4,16,1791503462.8637123,4006781,worker_0,W009,SaveImages,step_completed,success,100.0,3,3
ExampleIlluminationCorrection_Example1_EachMethod,4,16,1791503462.8639188,4006781,worker_0,W009,pipeline,axis_completed,success,100.0,3,3
ExampleIlluminationCorrection_Example1_EachMethod,4,16,1791503462.8639588,4006781,worker_0,W013,pipeline,axis_started,started,0.0,0,3
ExampleIlluminationCorrection_Example1_EachMethod,4,16,1791503462.8641305,4006781,worker_0,W013,CorrectIlluminationCalculate,step_started,started,0.0,0,3
ExampleIlluminationCorrection_Example1_EachMethod,4,16,1791503462.9068396,4006782,worker_1,W014,CorrectIlluminationCalculate,pattern_group,running,100.0,1,1
ExampleIlluminationCorrection_Example1_EachMethod,4,16,1791503462.9072392,4006782,worker_1,W014,CorrectIlluminationCalculate,step_completed,success,33.33333333333333,1,3
ExampleIlluminationCorrection_Example1_EachMethod,4,16,1791503462.9072797,4006783,worker_2,W015,CorrectIlluminationCalculate,pattern_group,running,100.0,1,1
ExampleIlluminationCorrection_Example1_EachMethod,4,16,1791503462.907373,4006782,worker_1,W014,CorrectIlluminationApply,step_started,started,33.33333333333333,1,3
ExampleIlluminationCorrection_Example1_EachMethod,4,16,1791503462.9079664,4006783,worker_2,W015,CorrectIlluminationCalculate,step_completed,success,33.33333333333333,1,3
ExampleIlluminationCorrection_Example1_EachMethod,4,16,1791503462.9080863,4006783,worker_2,W015,CorrectIlluminationApply,step_started,started,33.33333333333333,1,3
ExampleIlluminationCorrection_Example1_EachMethod,4,16,1791503462.9100456,4006784,worker_3,W016,CorrectIlluminationCalculate,pattern_group,running,100.0,1,1
ExampleIlluminationCorrection_Example1_EachMethod,4,16,1791503462.9103131,4006784,worker_3,W016,CorrectIlluminationCalculate,step_completed,success,33.33333333333333,1,3
ExampleIlluminationCorrection_Example1_EachMethod,4,16,1791503462.9103656,4006784,worker_3,W016,CorrectIlluminationApply,step_started,started,33.33333333333333,1,3
ExampleIlluminationCorrection_Example1_EachMethod,4,16,1791503462.9177694,4006781,worker_0,W013,CorrectIlluminationCalculate,pattern_group,running,100.0,1,1
ExampleIlluminationCorrection_Example1_EachMethod,4,16,1791503462.918151,4006781,worker_0,W013,CorrectIlluminationCalculate,step_completed,success,33.33333333333333,1,3
ExampleIlluminationCorrection_Example1_EachMethod,4,16,1791503462.9182615,4006781,worker_0,W013,CorrectIlluminationApply,step_started,started,33.33333333333333,1,3
ExampleIlluminationCorrection_Example1_EachMethod,4,16,1791503462.9204316,4006782,worker_1,W014,CorrectIlluminationApply,pattern_group,running,100.0,1,1
ExampleIlluminationCorrection_Example1_EachMethod,4,16,1791503462.9204843,4006783,worker_2,W015,CorrectIlluminationApply,pattern_group,running,100.0,1,1
ExampleIlluminationCorrection_Example1_EachMethod,4,16,1791503462.9207525,4006783,worker_2,W015,CorrectIlluminationApply,step_completed,success,66.66666666666666,2,3
ExampleIlluminationCorrection_Example1_EachMethod,4,16,1791503462.9210892,4006782,worker_1,W014,CorrectIlluminationApply,step_completed,success,66.66666666666666,2,3
ExampleIlluminationCorrection_Example1_EachMethod,4,16,1791503462.920863,4006783,worker_2,W015,SaveImages,step_started,started,66.66666666666666,2,3
ExampleIlluminationCorrection_Example1_EachMethod,4,16,1791503462.9223018,4006784,worker_3,W016,CorrectIlluminationApply,pattern_group,running,100.0,1,1
ExampleIlluminationCorrection_Example1_EachMethod,4,16,1791503462.9211974,4006782,worker_1,W014,SaveImages,step_started,started,66.66666666666666,2,3
ExampleIlluminationCorrection_Example1_EachMethod,4,16,1791503462.9225624,4006784,worker_3,W016,CorrectIlluminationApply,step_completed,success,66.66666666666666,2,3
ExampleIlluminationCorrection_Example1_EachMethod,4,16,1791503462.9226646,4006784,worker_3,W016,SaveImages,step_started,started,66.66666666666666,2,3
ExampleIlluminationCorrection_Example1_EachMethod,4,16,1791503462.9255242,4006783,worker_2,W015,SaveImages,pattern_group,running,100.0,1,1
ExampleIlluminationCorrection_Example1_EachMethod,4,16,1791503462.9255586,4006782,worker_1,W014,SaveImages,pattern_group,running,100.0,1,1
ExampleIlluminationCorrection_Example1_EachMethod,4,16,1791503462.9266956,4006784,worker_3,W016,SaveImages,pattern_group,running,100.0,1,1
ExampleIlluminationCorrection_Example1_EachMethod,4,16,1791503462.928584,4006782,worker_1,W014,SaveImages,step_completed,success,100.0,3,3
ExampleIlluminationCorrection_Example1_EachMethod,4,16,1791503462.9289181,4006782,worker_1,W014,pipeline,axis_completed,success,100.0,3,3
ExampleIlluminationCorrection_Example1_EachMethod,4,16,1791503462.9294116,4006784,worker_3,W016,SaveImages,step_completed,success,100.0,3,3
ExampleIlluminationCorrection_Example1_EachMethod,4,16,1791503462.9294188,4006783,worker_2,W015,SaveImages,step_completed,success,100.0,3,3
ExampleIlluminationCorrection_Example1_EachMethod,4,16,1791503462.929632,4006783,worker_2,W015,pipeline,axis_completed,success,100.0,3,3
ExampleIlluminationCorrection_Example1_EachMethod,4,16,1791503462.9310832,4006781,worker_0,W013,CorrectIlluminationApply,pattern_group,running,100.0,1,1
ExampleIlluminationCorrection_Example1_EachMethod,4,16,1791503462.9303753,4006784,worker_3,W016,pipeline,axis_completed,success,100.0,3,3
ExampleIlluminationCorrection_Example1_EachMethod,4,16,1791503462.9313564,4006781,worker_0,W013,CorrectIlluminationApply,step_completed,success,66.66666666666666,2,3
ExampleIlluminationCorrection_Example1_EachMethod,4,16,1791503462.9314637,4006781,worker_0,W013,SaveImages,step_started,started,66.66666666666666,2,3
ExampleIlluminationCorrection_Example1_EachMethod,4,16,1791503462.9358487,4006781,worker_0,W013,SaveImages,pattern_group,running,100.0,1,1
ExampleIlluminationCorrection_Example1_EachMethod,4,16,1791503462.9384465,4006781,worker_0,W013,SaveImages,step_completed,success,100.0,3,3
ExampleIlluminationCorrection_Example1_EachMethod,4,16,1791503462.938642,4006781,worker_0,W013,pipeline,axis_completed,success,100.0,3,3
ExampleIlluminationCorrection_Example1_EachMethod,4,16,1791503462.9530165,4005901,,,pipeline,success,success,100.0,3,3
